001      115   135   150    50   437    15
002      120   125   172    50   378    15
003      120   123   125    50   354    14
004      122   139   171    48   439    15
005       95    88   100    46   194    14
006      104   129   156    50   412    15
007      150   128   135    44   444    14
008      109    80   107    10   331    14
009      134   140   164    50   433    15
010      137   100   163    12   420    13
011      130   136   176    50   435    14
012      105   105   150    50   377    15
013      112    89   122    50   327    13
014      130   133   165    50   444    15
015       99   108   130    30   395    13
016      117   132   179    50   438    15
017      114    95   110    46   270    12
018      120   112   157    50   410    15
019      130   133   175    50   439    15
020      122    91   122    50   272    15
021      115   139   153    50   421    13
022      109   133   153    44   301    14
023      100   111   163    31   385    13
024       94   118   130    50   432    15
025       98    98   103    50   263    15
026      128   140   180    50   445    15
027       99   108   132    50   428    14
028       92    63   156    42   350    15
029       97   105   124    50   377    15
031       97   108   113    48   217    14
032       97   124   147    45   355    15
033      140   145   175    50   446    14
034      133   123   115    46   430    15
035      107    92   136    45   278    13
036       98   115   130    37   387    15
037      117    69   131    34   238    12
038      134   125   132    50   434    15
039      125   116   178    50   433    15
040      125   142   156    50   363    15
041       77    51    68    45   219    15
042      122   142   182    50   447    15
043      103   123   102    46   320    15
044      106   100   127    50   362    15
045      125   110   140    50   396    15
046      120    98   129    48   325    13
047       89    70    80    46   302    14
048       99   130   103    50   436    15
049      100    87   148    17   408    13
050      104    47    91    37    50     9
051      109    52   131    14   302    15
052      145   118   125    50   440    15
053      125   115   137    50   351    13
054      102    72   106    34   379    14
055       97    57   126    50   422    15
056      137   139   183    50   397    14
057      132   139   180    50   437    14
058      139   120   142    37   370    15
059      107    94   168    50   389    15
060       89   127   173    50   311    14
061      144   138   182    46   430    14
062      125   129   162    28   439    12
063      127   144   181    50   441    14
064       94   128   173    39   276    13
065       92   108   135    50   431    15
066      117   144   186    50   430    15
067      124   123   115    50   411    15
068       69   108   110    35   120    14
069      140   113   170    50   367    13
070      102    71   136    39   236    13
071       99    75   108    14   122    11
072      132   129   165    39   400    14
073      107   142   177    50   442    14
074      115   133   132    45   341    14
075       70    98   100    23   252    13
076      137   125   173    41   409    13
077      127   111   170    50   387    15
078      122   125   158    48   359    15
079       91   100   133    50   417    14
080      118   113   165    50   372    13
081       99   115   115    50   353    14
082      119   128   130    48   433    14
083      104   133   140    50   382    13
084      105   101   154    25   386    14
085      115    90   128    41   380    13
086       99   103   120    50   394    13
087      109    98   115    46   211    15
088      117   130   174    50   359    15
089      119   110   115    25   417    14
090       98    85   105    50   373    15
091      104   120   123    25   439    14
092      109   100    98    50   416    15
093      124   103   175    50   429    14
094      119   110   103    50   401    14
095       84    83    65    30   306    13
096       94   108   120    50   360    15
097       40    15   140    35    39    10
098      112    97   149    25   377    15
099      103    98   105    46   383    13
101      102    73   141    50   281    14
102      104   120   148    19   361    14
103      114   118   130    50   427    15
104       97    87   107    48   427    15
105      122   115   186    48   368    13
106       90    98   135    25   270    13
107      120   116   139    50   331    11
108      115   135   173    48   425    14
109       99    83   135    10   343    14
110      130   149   186    50   441    15
111      127   130   173    35   410    13
112      105   100   125    50   307    14
113      117   100   160    50   369    15
114      117   103   121    50   247    13
115      125    93   113    50   396    14
116      114   113   158    41   421    14
117       84   103   125    39   383    15
118      138   138   152    48   422    13
119      150   142   186    50   427    13
120      134   125   125    12   426    14
121      107    97   148    45   325    15
122      145   105   165    50   449    15
123      100   123    86    50   330    13
124      117   141   171    48   428    14
125      122   123   135    50   376    14
126      114   105   138    46   442    15
127      127   124   145    42   251    11
128      114   100   158    39   404    15
129      129   133   160    50   446    15
130      149   118   180    50   438    15
131       77   113    43    41   358    13
132      114   118   155    46   419    13
133      115    89    91    42   366    14
134      114   110   130    50   429    13
135      117   126   170    50   416    15
136       84   104   159    50   393    13
137      127    94   119    50   378    13
138      104   113   144    20   408    15
139       91   112   166    39   395    14
140      135   150   196    50   423    13
141       79    58    90    10    16     5
142      137   140   155    50   419    15
143      112   108    87    50   196    14
144       69   100   147     9   354    14
145      119   120   158    44   422    15
146      132   103   135    41   439    13
147      127   133   158    50   438    15
148      122   145   162    50   446    15
149      117   150   175    50   393    15
150       99    99   114    50   315    15
151      137   139   176    50   431    15
152      119   115   113    44   406    14
153      127   112   148    45   408    13
154      109   100   105    48   194    13
155      130    90   142    50   377    14
156      134   130   170    44   436    13
157      132   128   148    50   389    13
158      127   102   158    20   388    13
159      140   138   160    37   433    15
160      119   123   158    41   286    13
161      127   144   167    50   425    15
162      129   138   172    41   415    13
163      122   144   159    25   351    13
164      122    83    95    48    92    10
165      114   140   170    50   419    15
166      127    89   173    48   417    14
167      109   110   120    50   403    14
168      132   149   180    50   445    14
169      122   140   189    50   437    15
170      118   113   123    44   434    14
171       92   115   150    46   415    13
172       72   113   138    50   291    14
173       92   125   138    50   436    15
174       82    86   167    37   275    13
175      134   138   140    44   416    14
176      122   119   148    34   207    13
177      122   134   177    50   426    15
178      127   120   115    21   419    14
179      102   129   172    39   395    13
180       75    61    66    20   161    12
181      118   118   160    50   442    15
182      105   127   162    50   372    13
183       79    37   102    50   116    12
184      107    66   125    50   397    14
185      119   110   142    50   396    13
186      117   129   169    50   440    15
187      134    98   110    50   412    14
188      109   110   100    50   388    14
189      104   110   130    35   427    13
190      122   108   145    50   359    15
191       88   118   105    46   332    13
192      104   125   160    50   440    14
193       95    73    75    50   325    14
194      112   118   120    35   393    13
195      117   133   180    39   427    15
196      147   132   178    45   423    13
197      104   102   147    50   301    15
198      132   135   139    34   380    14
199      122   133   130    50   337    14
200       95   111   178    50   377    13
201      132   133   176    50   427    15
202      122   144   151    50   390    13
203      110    78   137    21   329    14
204      130   140   177    50   418    15
205       92    92   122    25   233    12
206      112   134   180    50   387    14
207      127   128   150    50   431    15
208      114   139   174    48   383    15
209       69    24    88    42   229    13
210      130   123   173    50   386    13
211      119    83   148    50   372    15
212      102   113   133    50   397    14
213      115   124   160    50   387    15
214      107    78    63    50   181    13
215      110   103   137    44   379    14
216      109   110   161    50   377    14
217      130    90   145    48   345    14
218      104    93    95    16   238    13
219      137   126   170    48   289    14
220      104    83    87    30   191    13
221      104   135   145    50   434    14
222       95   114   184    50   410    15
223      105    90   115    50   410    15
224      134   125   148    50   437    15
225      122   111   166    50   424    15
226       97    76   116    39   203    15
227      114   103   135    50   335    14
228      127   131   173    50   407    15
229      102   101   108    48   247    14
230      102    59    65    34   107    12
231      139   120   163    50   437    15
232      140   147   172    50   432    15
233      114    93   160    25   427    13
234      132   133   173    48   415    14