  031   97   108   113    48   217    14
  032   97   124   147    45   355    15
  033  140   145   175    50   446    14
  034  133   123   115    46   430    15
  035  107    92   136    45   278    13
  036   98   115   130    37   387    15
  037  117    69   131    34   238    12
  038  134   125   132    50   434    15
  039  125   116   178    50   433    15
  040  125   142   156    50   363    15
  041   77    51    68    45   219    15
  042  122   142   182    50   447    15
  043  103   123   102    46   320    15
  044  106   100   127    50   362    15
  045  125   110   140    50   396    15
  046  120    98   129    48   325    13
  047   89    70    80    46   302    14
  048   99   130   103    50   436    15
  049  100    87   148    17   408    13
  050  104    47    91    37    50     9